
% Datos del sistema de 32 nudos (articulo_red32nudos.pdf)

% Matriz [ nºrama  nudo_origen  nudo_destino  R(pu)   X(pu)  Pnudo_destino(MW)  Qnudo_destino(MVAr) ]

datsis = [  1           69             1      9.36E-7   2.25E-6       0               0   
            2            1             2      9.36E-7   2.25E-6       0               0
            3            2             3      2.81E-6   6.74E-6       0               0
            4            3             4      4.70E-5   5.50E-5       0               0 
            5            4             5      6.85E-4   3.49E-4       8.78E-4         7.20E-4 
            6            5             6      7.13E-4   3.63E-4       1.35E-2         9.98E-3 
            7            6             7      0.7114   0.2351       200.00              100.00 
            8            7             8      1.0300   0.7400        60.00               20.00 
            9            8             9      1.0440   0.7400        60.00               20.00 
           10            9            10      0.1966   0.0650        45.00               30.00 
           11           10            11      0.3744   0.1238        60.00               35.00 
           12           11            12      1.4680   1.1550        60.00               35.00 
           13           12            13      0.5416   0.7129       120.00               80.00 
           14           13            14      0.5910   0.5260        60.00               10.00 
           15           14            15      0.7463   0.5450        60.00               20.00 
           16           15            16      1.2890   1.7210        60.00               20.00 
           17           16            17      0.7320   0.5740        90.00               40.00 
           18            1            18      0.1640   0.1565        90.00               40.00 
           19           18            19      1.5042   1.3554        90.00               40.00 
           20           19            20      0.4095   0.4784        90.00               40.00 
           21           20            21      0.7089   0.9373        90.00               40.00 
           22            2            22      0.4512   0.3083        90.00               50.00  
           23           22            23      0.8980   0.7091       420.00              200.00   
           24           23            24      0.8960   0.7011       420.00              200.00   
           25            5            25      0.2030   0.1034        60.00               25.00  
           26           25            26      0.2842   0.1447        60.00               25.00   
           27           26            27      1.0590   0.9337        60.00               20.00   
           28           27            28      0.8042   0.7006       120.00               70.00   
           29           28            29      0.5075   0.2585       200.00              600.00   
           30           29            30      0.9744   0.9630       150.00               70.00   
           31           30            31      0.3105   0.3619       210.00              100.00   
           32           31            32      0.3410   0.5302        60.00               40.00
           33            7            20      2.0000   2.0000         0.00                0.00  
           34            8            14      2.0000   2.0000         0.00                0.00  
           35           11            21      2.0000   2.0000         0.00                0.00  
           36           17            32      0.5000   0.5000         0.00                0.00  
           37           24            28      0.5000   0.5000         0.00                0.00 ];

           
           
           
           
           